LX: 26.000000
LY: 22.516660
